%YAML:1.0
image_width: 1280
image_height: 720
camera_name: narrow_stereo
camera_matrix: !!opencv-matrix
  rows: 3
  cols: 3
  dt: d
  data: [951.30062,   0.     , 665.53978,
           0.     , 950.8768 , 370.47764,
           0.     ,   0.     ,   1.     ]
distortion_model: plumb_bob
distortion_coefficients: !!opencv-matrix
  rows: 1
  cols: 5
  dt: d
  data: [0.035198, -0.100423, -0.000631, 0.001575, 0.000000]
rectification_matrix: !!opencv-matrix
  rows: 3
  cols: 3
  dt: d
  data: [1., 0., 0.,
         0., 1., 0.,
         0., 0., 1.]
projection_matrix: !!opencv-matrix
  rows: 3
  cols: 4
  dt: d
  data: [946.04946,   0.     , 669.13292,   0.     ,
           0.     , 954.40339, 370.20271,   0.     ,
           0.     ,   0.     ,   1.     ,   0.     ]
